((("margin-left" .
   [1 0 0 0 0 0 0 0 0 0 0])
  ("2px" .
   [1 0 0])
  ("0px" .
   [1 0 0])
  ("right" .
   [2 0 0 0 0])
  ("000" .
   [1 0 0])
  ("e" .
   [2])
  ("dashed" .
   [2 0 0 0 0 0])
  ("inset" .
   [1 0 0 0 0])
  ("text-align" .
   [1 0 0 0 0 0 0 0 0 0])
  ("5px" .
   [2 0 0])
  ("10px" .
   [1 0 0 0])
  ("snow" .
   [1 0 0 0])
  ("white" .
   [1 0 0 0 0])
  ("background" .
   [1 0 0 0 0 0 0 0 0 0])
  ("lang" .
   [1 0 0 0])
  ("brown" .
   [1 0 0 0 0])
  ("color" .
   [1 0 0 0 0])
  ("padding" .
   [4 0 0 0 0 0 0])
  ("0" .
   [3])
  ("margin" .
   [4 0 0 0 0 0])
  ("if" .
   [1 0])
  ("def" .
   [1 0 0])))
